id,prob_l,prob_d,prob_v
1,0.44,0.34,0.22
2,0.31,0.36,0.33
3,0.47,0.31,0.22
4,0.39,0.35,0.26
5,0.42,0.33,0.25
6,0.35,0.37,0.28
7,0.30,0.39,0.31
8,0.41,0.35,0.24
9,0.33,0.38,0.29
10,0.40,0.36,0.24
11,0.37,0.37,0.26
12,0.45,0.32,0.23
13,0.36,0.38,0.26

